 fname=[mclj_out.dat] 
     n=      256
   rho=  0.84000
     t=  0.69400
  disp=  0.20000

    nt=        5000 (*    1)
  accr= 4.21865e-01
 <U>/N=-6.09598e+00
  Cv/N= 2.59239e+00
     p=-1.41228e-01

