 fname=[mclj_out.dat] 
     n=      256
   rho=  0.84000
     t=  0.69400
  disp=  0.30000

    nt=        5000 (*    1)
  accr= 2.56830e-01
 <U>/N=-6.09391e+00
  Cv/N= 2.60466e+00
     p=-1.13619e-01

