 fname=[mclj_out.dat] 
     n=      256
   rho=  0.84000
     t=  0.69400
  disp=  1.80000

    nt=        5000 (*    1)
  accr= 3.26641e-03
 <U>/N=-5.91651e+00
  Cv/N= 6.94983e+01
     p= 7.32385e-01

