 fname=[mclj_out.dat] 
     n=      256
   rho=  0.96000
     t=  0.69400
  disp=  0.30000

    nt=        5000 (*    1)
  accr= 1.59392e-01
 <U>/N=-6.68201e+00
  Cv/N= 7.68511e+00
     p= 3.10887e+00

