 fname=[mclj_out.dat] 
     n=      256
   rho=  0.84000
     t=  0.69400
  disp=  2.00000

    nt=        5000 (*    1)
  accr= 2.25938e-03
 <U>/N=-5.83714e+00
  Cv/N= 9.53063e+01
     p= 1.05974e+00

