 fname=[mclj_out.dat] 
     n=      256
   rho=  0.84000
     t=  0.69400
  disp=  0.15000

    nt=        5000 (*    1)
  accr= 5.37716e-01
 <U>/N=-6.09700e+00
  Cv/N= 2.48758e+00
     p=-1.32715e-01

