 fname=[mclj_out.dat] 
     n=      256
   rho=  0.96000
     t=  0.69400
  disp=  0.30000

    nt=        5000 (*    1)
  accr= 1.93915e-01
 <U>/N=-7.25216e+00
  Cv/N= 2.69064e+00
     p=-3.45081e-02

