 fname=[mclj_out.dat] 
     n=      256
   rho=  0.84000
     t=  0.69400
  disp=  2.40000

    nt=        5000 (*    1)
  accr= 1.44766e-03
 <U>/N=-5.67432e+00
  Cv/N= 1.76361e+02
     p= 1.87257e+00

