 fname=[mclj_out.dat] 
     n=      108
   rho=  0.84000
     t=  0.69400
  disp=  0.30000

    nt=       10000 (*    1)
  accr= 2.57983e-01
 <U>/N= 2.42679e+00
  Cv/N= 6.42069e+07
     p= 2.85596e+01

