 fname=[mclj_out.dat] 
     n=      256
   rho=  0.84000
     t=  0.69400
  disp=  1.60000

    nt=        5000 (*    1)
  accr= 4.34688e-03
 <U>/N=-5.94306e+00
  Cv/N= 5.30713e+01
     p= 6.30857e-01

