 fname=[mclj_out.dat] 
     n=      256
   rho=  0.00200
     t=  0.69400
  disp=  0.30000

    nt=        5000 (*    1)
  accr= 9.89684e-01
 <U>/N=-2.79740e-02
  Cv/N= 1.54041e+00
     p= 1.35782e-03

