 fname=[mclj_out.dat] 
     n=      256
   rho=  0.84000
     t=  0.69400
  disp=  1.70000

    nt=        5000 (*    1)
  accr= 3.70312e-03
 <U>/N=-5.91476e+00
  Cv/N= 6.79604e+01
     p= 7.49455e-01

