 fname=[mclj_out.dat] 
     n=      256
   rho=  0.84000
     t=  0.69400
  disp=  0.10000

    nt=        5000 (*    1)
  accr= 6.74314e-01
 <U>/N=-6.08999e+00
  Cv/N= 2.50334e+00
     p=-6.28676e-02

