 fname=[mclj_out.dat] 
     n=      256
   rho=  0.84000
     t=  0.69400
  disp=  0.30000

    nt=       10000 (*    1)
  accr= 2.56582e-01
 <U>/N= 1.11391e+03
  Cv/N= 6.35126e+12
     p= 3.76331e+03

