 fname=[mclj_out.dat] 
     n=      256
   rho=  0.84000
     t=  0.69400
  disp=  0.35000

    nt=        5000 (*    1)
  accr= 2.00538e-01
 <U>/N=-6.09274e+00
  Cv/N= 2.64092e+00
     p=-1.06585e-01

