 fname=[mclj_out.dat] 
     n=      256
   rho=  0.84000
     t=  0.69400
  disp=  2.70000

    nt=        5000 (*    1)
  accr= 1.07031e-03
 <U>/N=-5.50275e+00
  Cv/N= 2.09481e+02
     p= 2.59950e+00

