 fname=[mclj_out.dat] 
     n=      256
   rho=  0.84000
     t=  0.69400
  disp=  2.10000

    nt=        5000 (*    1)
  accr= 2.05938e-03
 <U>/N=-5.72775e+00
  Cv/N= 1.44636e+02
     p= 1.57936e+00

