 fname=[mclj_out.dat] 
     n=      256
   rho=  0.84000
     t=  0.69400
  disp=  0.45000

    nt=        5000 (*    1)
  accr= 1.24520e-01
 <U>/N=-6.09397e+00
  Cv/N= 2.60615e+00
     p=-1.10622e-01

