 fname=[mclj_out.dat] 
     n=      256
   rho=  0.84000
     t=  0.69400
  disp=  0.50000

    nt=        5000 (*    1)
  accr= 9.90523e-02
 <U>/N=-6.09785e+00
  Cv/N= 2.69864e+00
     p=-1.36831e-01

