 fname=[mclj_out.dat] 
     n=      500
   rho=  0.84000
     t=  0.69400
  disp=  0.30000

    nt=       10000 (*    1)
  accr= 2.55283e-01
 <U>/N= 2.39472e+04
  Cv/N= 3.51723e+15
     p= 8.04839e+04

