 fname=[mclj_out.dat] 
     n=      256
   rho=  0.84000
     t=  0.69400
  disp=  0.40000

    nt=        5000 (*    1)
  accr= 1.56634e-01
 <U>/N=-6.08862e+00
  Cv/N= 2.55715e+00
     p=-9.77412e-02

