 fname=[mclj_out.dat] 
     n=      256
   rho=  0.84000
     t=  0.69400
  disp=  2.30000

    nt=        5000 (*    1)
  accr= 1.66484e-03
 <U>/N=-5.69178e+00
  Cv/N= 1.48383e+02
     p= 1.82649e+00

