 fname=[mclj_out.dat] 
     n=      256
   rho=  0.84000
     t=  0.69400
  disp=  2.90000

    nt=        5000 (*    1)
  accr= 9.72656e-04
 <U>/N=-5.33727e+00
  Cv/N= 3.06260e+02
     p= 3.27162e+00

