 fname=[mclj_out.dat] 
     n=       25
   rho=  0.84000
     t=  0.69400
  disp=  0.30000

    nt=       10000 (*    1)
  accr= 2.55684e-01
 <U>/N=-5.86775e+00
  Cv/N= 2.66589e+04
     p= 7.55376e-01

