 fname=[mclj_out.dat] 
     n=        5
   rho=  0.84000
     t=  0.69400
  disp=  0.30000

    nt=       10000 (*    1)
  accr= 3.10980e-01
 <U>/N=-3.73262e+00
  Cv/N= 4.38757e+01
     p= 3.94162e+00

