 fname=[mclj_out.dat] 
     n=      256
   rho=  0.84000
     t=  0.69400
  disp=  0.30000

    nt=        5000 (*    1)
  accr= 2.56324e-01
 <U>/N=-6.08768e+00
  Cv/N= 2.74662e+00
     p=-8.23040e-02

