 fname=[mclj_out.dat] 
     n=      256
   rho=  0.84000
     t=  0.69400
  disp=  3.00000

    nt=        5000 (*    1)
  accr= 8.60938e-04
 <U>/N=-5.41230e+00
  Cv/N= 2.72893e+02
     p= 3.02886e+00

