 fname=[mclj_out.dat] 
     n=      256
   rho=  0.84000
     t=  0.69400
  disp=  1.50000

    nt=        5000 (*    1)
  accr= 5.31797e-03
 <U>/N=-6.00664e+00
  Cv/N= 2.88032e+01
     p= 2.83192e-01

