 fname=[mclj_out.dat] 
     n=      256
   rho=  0.84000
     t=  0.69400
  disp=  1.90000

    nt=        5000 (*    1)
  accr= 2.70312e-03
 <U>/N=-5.83935e+00
  Cv/N= 9.18740e+01
     p= 1.06203e+00

