 fname=[mclj_out.dat] 
     n=      256
   rho=  0.84000
     t=  0.69400
  disp=  2.50000

    nt=        5000 (*    1)
  accr= 1.36016e-03
 <U>/N=-5.57106e+00
  Cv/N= 1.76244e+02
     p= 2.30102e+00

