 fname=[mclj_out.dat] 
     n=       50
   rho=  0.84000
     t=  0.69400
  disp=  0.30000

    nt=       10000 (*    1)
  accr= 2.54086e-01
 <U>/N=-2.41155e+00
  Cv/N= 3.57666e+06
     p= 1.23066e+01

