 fname=[mclj_out.dat] 
     n=     1000
   rho=  0.84000
     t=  0.69400
  disp=  0.30000

    nt=       10000 (*    1)
  accr= 2.55086e-01
 <U>/N= 3.95474e+03
  Cv/N= 3.14627e+14
     p= 1.33086e+04

