 fname=[mclj_out.dat] 
     n=      256
   rho=  0.84000
     t=  0.69400
  disp=  2.20000

    nt=        5000 (*    1)
  accr= 1.83281e-03
 <U>/N=-5.76571e+00
  Cv/N= 1.23414e+02
     p= 1.41175e+00

