 fname=[mclj_out.dat] 
     n=       10
   rho=  0.84000
     t=  0.69400
  disp=  0.30000

    nt=       10000 (*    1)
  accr= 1.21940e-01
 <U>/N=-5.66249e+00
  Cv/N= 3.04495e+04
     p= 2.78058e+00

