 fname=[mclj_out.dat] 
     n=      256
   rho=  0.84000
     t=  0.69400
  disp=  0.25000

    nt=        5000 (*    1)
  accr= 3.29527e-01
 <U>/N=-6.09490e+00
  Cv/N= 2.59119e+00
     p=-1.17970e-01

