 fname=[mclj_out.dat] 
     n=      256
   rho=  0.84000
     t=  0.69400
  disp=  2.60000

    nt=        5000 (*    1)
  accr= 1.28203e-03
 <U>/N=-5.58093e+00
  Cv/N= 1.81566e+02
     p= 2.31542e+00

