 fname=[mclj_out.dat] 
     n=      256
   rho=  0.84000
     t=  0.69400
  disp=  2.80000

    nt=        5000 (*    1)
  accr= 1.06797e-03
 <U>/N=-5.49427e+00
  Cv/N= 2.51591e+02
     p= 2.62878e+00

